0.0 0.6358511837655016 0.6583990980834273 0.5648252536640361 0.4633596392333709 0.6200676437429538 0.6234498308906427 0.5975197294250282 0.29312288613303267 0.5614430665163472 
0.6358511837655016 0.0 0.44532130777903045 0.44419391206313413 0.5512965050732808 0.2829763246899662 0.6392333709131905 0.6471251409244645 0.6031567080045096 0.6302142051860203 
0.6583990980834273 0.44532130777903045 0.0 0.4926719278466742 0.5839909808342728 0.3179255918827508 0.6606538895152199 0.6527621195039459 0.6178128523111612 0.6234498308906427 
0.5648252536640361 0.44419391206313413 0.4926719278466742 0.0 0.314543404735062 0.3089064261555806 0.5997745208568207 0.5693348365276212 0.447576099210823 0.49492671927846676 
0.4633596392333709 0.5512965050732808 0.5839909808342728 0.314543404735062 0.0 0.4577226606538895 0.5174746335963923 0.4859075535512965 0.3100338218714769 0.3258173618940248 
0.6200676437429538 0.2829763246899662 0.3179255918827508 0.3089064261555806 0.4577226606538895 0.0 0.6268320180383314 0.616685456595265 0.552423900789177 0.5760992108229989 
0.6234498308906427 0.6392333709131905 0.6606538895152199 0.5997745208568207 0.5174746335963923 0.6268320180383314 0.0 0.5005636978579482 0.5986471251409244 0.33032694475760993 
0.5975197294250282 0.6471251409244645 0.6527621195039459 0.5693348365276212 0.4859075535512965 0.616685456595265 0.5005636978579482 0.0 0.5580608793686584 0.31905298759864714 
0.29312288613303267 0.6031567080045096 0.6178128523111612 0.447576099210823 0.3100338218714769 0.552423900789177 0.5986471251409244 0.5580608793686584 0.0 0.49379932356257045 
0.5614430665163472 0.6302142051860203 0.6234498308906427 0.49492671927846676 0.3258173618940248 0.5760992108229989 0.33032694475760993 0.31905298759864714 0.49379932356257045 0.0 
